epoch	train_loss	val_loss
0	7.029920667972204	6.421731913531268
1	6.449961432870829	6.3908732025711625
2	6.437789795533666	6.420667718957971
3	6.353337827718483	6.348155975341797
4	6.397959533727394	6.340806660828767
5	6.322338621571379	6.45485062069363
6	6.370876105326526	6.360247912230315
7	6.2780572963210775	6.3484793415776
8	6.310650191217099	6.364175584581163
9	6.313431096526812	6.357953036272967
10	6.290058306927951	6.297285026974148
11	6.333944887485144	6.364468698148374
12	6.309716503575163	6.291566018705015
13	6.28359413596819	6.275400320688884
14	6.346499263115649	6.339388282210739
15	6.318080164351553	6.297328542779993
16	6.333635015307732	6.37887665077492
17	6.291052386445819	6.369785750353778
18	6.320402437785886	6.465880959122269
19	6.336149391138329	6.286592907375759
20	6.281688780154822	6.339715392501266
21	6.277600306384969	6.405226089336254
22	6.288606000396441	6.4671432530438455
23	6.2608131237749785	6.330591908207646
24	6.320319382649548	6.326526412257442
25	6.3185978745514495	6.213180594974094
26	6.341058924513043	6.207127783033583
27	6.234090247244205	6.4000282817416725
28	6.36252683063723	6.312007091663502
29	6.240773785789058	6.336736308203803
30	6.315605051112625	6.271556077180086
31	6.283016915591258	6.370421338964392
32	6.312407376631251	6.202683749022307
33	6.27047295390435	6.424359816092032
34	6.270131677951452	6.197566756495723
35	6.3081355994602415	6.306239799216941
36	6.294307533300148	6.325318583735713
37	6.296652420511785	6.260601820769133
38	6.362510478721474	6.227449222847268
39	6.307787877208781	6.326865990956624
40	6.332897793571904	6.270760324266222
41	6.278982225454079	6.293440854107892
42	6.259609114448979	6.473561763763428
43	6.357740861064983	6.292804347144233
44	6.271573790964091	6.393453651004368
45	6.280705020112811	6.39595201280382
46	6.278473755098739	6.310156875186497
47	6.300667650294754	6.348780278806333
48	6.294163789389269	6.357380301864059
49	6.342107615380917	6.414697382185194
50	6.287308841381433	6.238139752988462
51	6.269223019761859	6.2076327182628495
52	6.237606709858157	6.476008256276448
53	6.26804004975085	6.410709857940674
54	6.253035842247729	6.295541145183422
55	6.277019590701697	6.379097867895056
56	6.246344278443535	6.092097794568097
57	6.229985223626191	6.235170152452257
58	6.20739646677701	6.351100656721327
59	6.227081469769748	6.199490988696063
60	6.30801170726992	6.199360035083912
61	6.265583663616541	6.346730320541947
62	6.291120200786951	6.226896533259639
63	6.250663464924075	6.435992576457836
64	6.266405200058559	6.270851258878355
65	6.2618464343952684	6.385908762613933
66	6.25029054227865	6.281741407182482
67	6.246858452850917	6.230026139153375
68	6.287142911047305	6.267128785451253
69	6.208983727221219	6.293599994094284
70	6.255855186930242	6.366401354471843
71	6.247771717467398	6.392235879544859
72	6.244680850010998	6.277477070137307
73	6.232584705892599	6.245162981527823
74	6.317518108295944	6.219373084880687
75	6.286022024334602	6.394549793667263
76	6.267084319636507	6.323273888340703
77	6.215168903458793	6.36939020510073
78	6.320658823229232	6.31770082756325
79	6.267944003051182	6.309711262031838
80	6.231794397785978	6.20528378310027
81	6.273467230346967	6.266695110886185
82	6.274037127224904	6.253513901321976
83	6.265688644265229	6.298538702505606
84	6.285297960605261	6.323820308402732
85	6.30324765871156	6.242629369099935
86	6.20102985400074	6.361987944002505
87	6.289368773406407	6.396703048988625
88	6.253056202294691	6.29042316366125
89	6.279504749010194	6.12685814610234
90	6.192151951340009	6.290524323781331
91	6.230561112457851	6.398329628838433
92	6.240998164662775	6.360347341608118
93	6.270261764526367	6.2684540571989835
94	6.2595117452009665	6.325055669855188
95	6.304485334540313	6.310588236208315
96	6.213873386383057	6.415862101095694
97	6.325124205283399	6.443442485950611
98	6.242719839204033	6.315024040363453
99	6.236521091101305	6.302185447127731
100	6.265624361218147	6.306448106412534
101	6.244631200466516	6.398800514362477
102	6.25558030380393	6.25982196242721
103	6.260463219768596	6.302155989187735
104	6.228602791732213	6.197238674870244
105	6.319228361237724	6.162779560795537
106	6.245093147709684	6.273083121688278
107	6.323719906357099	6.3454706403944225
108	6.317873459941936	6.274727856671369
109	6.283927409154065	6.452660684232359
110	6.277245116683672	6.272021682174118
111	6.272923069180183	6.361559232076009
112	6.239027477660269	6.407874478234185
113	6.266302581103343	6.321397498801902
114	6.223823947726555	6.127504825592041
115	6.297647930541128	6.346813696402091
116	6.302660415757377	6.226548936631945
117	6.261450178218338	6.320078072724519
118	6.261908306265777	6.236340522766113
119	6.213703083542158	6.320246007707384
120	6.2479167794281585	6.273672209845649
121	6.250880362852564	6.187349725652624
122	6.3237640272896245	6.296582133681686
123	6.284191774872114	6.235493200796622
124	6.318176512448293	6.393143918779161
125	6.2580761864500225	6.278831693861219
126	6.263797422624984	6.237268165305808
127	6.215667679624738	6.395079630392569
128	6.235542252378644	6.279097027248806
129	6.240600334023529	6.320387522379558
130	6.315602657929906	6.450854036543104
131	6.270759006716171	6.2849233062179
132	6.308960095891413	6.26667923397488
133	6.281200062553838	6.310569515934697
134	6.245188357695094	6.308660524862784
135	6.254835002827194	6.396743244594997
136	6.256614334178421	6.194218423631456
137	6.249216651016811	6.180317154637089
138	6.2244368139302955	6.290886578736482
139	6.293667096012044	6.322852081722683
140	6.248409941511334	6.432546650921857
141	6.317241016423927	6.345039350015146
142	6.214574116580891	6.351830535464817
143	6.263167088886477	6.353838390774197
144	6.22401479505143	6.187192157462791
145	6.249566087182963	6.276691648695204
146	6.258657554410538	6.342281694765444
147	6.270055869840226	6.2024670177035865
148	6.220444598287906	6.359621966326678
149	6.198695443711191	6.290951534553811
150	6.2118192033947635	6.22677668818721
151	6.248620253688884	6.299794709240949
152	6.303506149435943	6.266274646476463
153	6.27868545730159	6.374375926123725
154	6.244184066664498	6.240822120949074
155	6.24640062620055	6.3397443382828325
156	6.291472286548254	6.285307071827076
157	6.292613492821747	6.25806024339464
158	6.325440046922216	6.285752843927454
159	6.261150701990667	6.2932468873483165
160	6.299406582454465	6.276087284088135
161	6.258950908229036	6.375425780261004
162	6.214487831547575	6.238639813882333
163	6.311231248783615	6.210040869536223
164	6.271041888111043	6.278908870838307
165	6.292113376113604	6.294867127029984
166	6.313639951202105	6.314804783573857
167	6.195881182292722	6.310897420953821
168	6.265592395134692	6.289428075154622
169	6.280704732211131	6.274563347851789
170	6.302232085533862	6.32132065737689
171	6.316969178757578	6.161081066838017
172	6.29022567677048	6.28301316720468
173	6.2124155377441985	6.433650758531359
174	6.25781463227182	6.156712885256167
175	6.265973158602445	6.3848710236725985
176	6.256831484020881	6.249646893254033
177	6.195015250511889	6.285131401485867
178	6.258516941430433	6.3236114890487105
179	6.284202602674377	6.30280641273216
180	6.224754495440789	6.370822288371898
181	6.212848591354658	6.390172093002884
182	6.246157830616213	6.337786727481419
183	6.251286443674339	6.329581384305601
184	6.290779055289502	6.366604857974583
185	6.2505865726830825	6.224691302688034
186	6.219990734784108	6.469856421152751
187	6.2995666153026075	6.401775872265851
188	6.277301860305498	6.33299481427228
189	6.337241897043192	6.352622049826163
190	6.315149491687991	6.269551400785093
191	6.256658864471148	6.192989331704599
192	6.227326811484571	6.315773275163439
193	6.227661209286384	6.339606744271737
194	6.29216820338987	6.2580361719484685
195	6.262385111934734	6.3211643430921765
196	6.278904001667814	6.243108131267406
197	6.319354992992473	6.163668367597792
198	6.255125176231816	6.2866451651961714
199	6.292366428195305	6.40542584878427
200	6.2855261181885345	6.329707551885535
201	6.255108387965076	6.183865670804624
202	6.318855168684474	6.330274140393293
203	6.239415092288323	6.251367621951633
204	6.305078097109525	6.31903851473773
205	6.258167532255065	6.291852509533918
206	6.233839484880555	6.236261420779758
207	6.273908021315089	6.118237265834102
208	6.244385219969839	6.186786545647515
209	6.307701479713872	6.321260063736527
210	6.234119743671057	6.373708566029866
211	6.250829467233622	6.343830444194652
212	6.214103217394847	6.290380389602096
213	6.231885734594093	6.329224039007117
214	6.233716110013566	6.3404130935668945
215	6.281334728564856	6.19057070767438
216	6.276152273394027	6.290552333549217
217	6.278163469062661	6.237254354688856
218	6.301366855513375	6.28717365971318
219	6.287190846677096	6.2654317926477505
220	6.2536051858146235	6.302059297208433
221	6.221679660509217	6.189558011514169
222	6.273486078910108	6.1985823843214245
223	6.2154960722293495	6.274290120160138
224	6.22576301952578	6.250870598687066
225	6.2546489463662205	6.272176936820701
226	6.231591746492206	6.2693999078538685
227	6.295003454640226	6.234555244445801
228	6.247380917927004	6.215789335745352
229	6.318560825203949	6.258168909284803
230	6.284464588705099	6.319236649407281
231	6.3116351523489325	6.264631695217556
232	6.296143959153373	6.1799989276462135
233	6.302657136377299	6.348035512147127
234	6.263963757820849	6.189456710109004
235	6.191738214132921	6.356133337374087
236	6.286253515279518	6.251381026373969
237	6.24841297797437	6.32797348940814
238	6.289127934653804	6.329324686968768
239	6.279110053800187	6.391896035936144
240	6.1864874947745845	6.246926431302671
241	6.230641059155734	6.258762730492486
242	6.249648827426839	6.382140300892018
243	6.279768925792766	6.347537764796504
244	6.259767986693472	6.239795331601743
245	6.251039014672333	6.320132078947844
246	6.236131587118472	6.255001456649215
247	6.244400609214351	6.275051964653863
248	6.250831293609907	6.371111251689769
249	6.274435475187482	6.3639373779296875
250	6.300038076796621	6.251680674376311
251	6.249753322241442	6.263599713643392
252	6.244244746442111	6.269572540565774
253	6.2354416037505525	6.306479683628789
254	6.24347603995845	6.244771162668864
255	6.279884635277514	6.572427837936966
256	6.262651070108953	6.191529185683639
257	6.246866140725477	6.416091830642135
258	6.2393381775550125	6.14921075326425
259	6.246016830768225	6.249767285806161
260	6.270702164128141	6.354903662646258
261	6.248622696354704	6.206658716554995
262	6.200790981076798	6.287024286058214
263	6.215258251945928	6.2074454272234885
264	6.252673126616568	6.312593460083008
265	6.253482049366213	6.242247599142569
266	6.367172861998936	6.259051905737983
267	6.224638255137317	6.3267697934751155
268	6.240965051471062	6.333828131357829
269	6.216332772992692	6.238748850645842
270	6.23653581457318	6.3140169956065995
271	6.269884523355736	6.278311199612087
272	6.218533866810349	6.204837057325575
273	6.21128880302861	6.264163087915491
274	6.236405161191833	6.243362409097177
275	6.27382485821562	6.409063710106744
276	6.241764347508268	6.21414221657647
277	6.229509038745232	6.203438776510733
278	6.230997760340853	6.104137614921287
279	6.264471018089439	6.212998619786015
280	6.320270052495992	6.267659116674353
281	6.226043881110425	6.388871016325774
282	6.299534212868169	6.239934232499865
283	6.2270992117108035	6.265791027634232
284	6.284192908484981	6.317957701506438
285	6.157893293308762	6.258713457319471
286	6.166774551823454	6.308181886319761
287	6.211190606063267	6.205995206479673
288	6.324919529680936	6.4090926382276745
289	6.2650696961384895	6.234937279312699
290	6.238373985830343	6.425981680552165
291	6.231628899304372	6.169445761927852
292	6.265090744450407	6.286969785337095
293	6.310532192014298	6.345537574202926
294	6.308010645632474	6.289675535979094
295	6.271995171061102	6.309874852498372
296	6.206019716442756	6.275552608348705
297	6.202227583471334	6.390179951985677
298	6.2522773112890855	6.338252314814815
299	6.270541555476639	6.104693924939191
300	6.244137889934036	6.162687813794172
301	6.187636528375013	6.199443781817401
302	6.25348151854749	6.384411564579716
303	6.2231020792475285	6.389800036395037
304	6.2260740972914785	6.338036166297065
305	6.258156663966629	6.397898391441062
306	6.265789333379494	6.283474498324924
307	6.315127845080394	6.3373872792279276
308	6.321628719005945	6.229338928505227
309	6.241732763794233	6.300317958549217
310	6.2568063960885105	6.383464777911151
311	6.273887386861837	6.256022029452854
312	6.252071583046104	6.339764524389197
313	6.217213270799169	6.302288761845341
314	6.253249649731618	6.263817345654523
315	6.238236701713418	6.333121705938269
316	6.262692087101486	6.363325542873806
317	6.220796652559964	6.33187919192844
318	6.25329834110332	6.346324797029848
319	6.282024743422022	6.27693529482241
320	6.2506370499448956	6.389283003630461
321	6.251850951392695	6.316536550168638
322	6.279153823852539	6.199777038009079
323	6.241457349849197	6.229379565627487
324	6.221915906330325	6.293496661716038
325	6.24289754201781	6.342348716877125
326	6.243398891305024	6.255538640198885
327	6.306208731993189	6.228273497687446
328	6.287620584919767	6.270659764607747
329	6.211570276404327	6.355154973489267
330	6.236789847319981	6.403390601829246
331	6.257873742085583	6.42340103785197
332	6.233434173296082	6.3109048384207265
333	6.276036743847829	6.253124855182789
334	6.296909953063389	6.347280890853317
335	6.25666413667067	6.315608377809878
336	6.243163374235046	6.29043616188897
337	6.215934434027042	6.254989005901195
338	6.246616664922462	6.257557498084174
339	6.248094999565269	6.323909794842756
340	6.219785487876748	6.2978048147978605
341	6.2592032180642185	6.383015685611301
342	6.299387747386716	6.166618205882885
343	6.281729945596659	6.369605205677174
344	6.282357733204679	6.275327223318595
345	6.233675569858191	6.298064585085268
346	6.2639318367220325	6.354295059486672
347	6.244285484529891	6.375881954475686
348	6.283648769810514	6.200345127670853
349	6.262400321240695	6.303603525514956
350	6.233309399406865	6.334076598838523
351	6.224534947917147	6.338987279821326
352	6.20138274948552	6.2920995818244085
353	6.3284547328948975	6.235591182002315
354	6.285290736072469	6.271464524445711
355	6.232740847569592	6.156245319931595
356	6.281703427152814	6.213412355493616
357	6.257301892874376	6.38118478986952
358	6.240764505458328	6.21961424085829
359	6.230781919551346	6.364262086373788
360	6.243901293232756	6.311148837760642
361	6.218725204467773	6.189021869941994
362	6.270414127493805	6.315687532778139
363	6.22720919465119	6.215256426069471
364	6.220773395502342	6.28829073022913
365	6.253768538529018	6.282487798620154
366	6.254350113418867	6.2732022426746505
367	6.2549447698413205	6.3372708073368775
368	6.1678046550390855	6.31884781519572
369	6.255657573915878	6.379645736129196
370	6.258560670996612	6.16605951167919
371	6.296621502570386	6.199194819838913
372	6.260590782705343	6.345676227852151
373	6.262439511856943	6.372701538933648
374	6.362457702744682	6.280892301488806
375	6.24884344496817	6.275000996059841
376	6.316550673178907	6.233494034519902
377	6.247034414759222	6.315969025647199
378	6.2325176472933785	6.283000681135389
379	6.336394089572835	6.19948344760471
380	6.256239508682826	6.1937807047808615
381	6.2600070350575	6.2804633776346845
382	6.2362115608071385	6.205993422755489
383	6.21355000082052	6.173770198115596
384	6.237645549594231	6.285062613310637
385	6.238987558292893	6.3450747419286655
386	6.261793437993751	6.387501875559489
387	6.259871536830686	6.13824517638595
388	6.2815220176049	6.257807713967782
389	6.233534727456434	6.3421977714256
390	6.242246168964314	6.389679961734348
391	6.356918753318067	6.281258971602829
392	6.242185993014641	6.35301289735017
393	6.285056433587704	6.129370777695267
394	6.245732019532402	6.26876668576841
395	6.258453850476247	6.27428658803304
396	6.2919434106574865	6.237589076713279
397	6.2923066481104435	6.35860718621148
398	6.267347430283168	6.192564257869014
399	6.190103683831556	6.207670211791992
400	6.270100463111445	6.2213760481940374
401	6.2173463128647715	6.21269542199594
402	6.266213587994845	6.186851289537218
403	6.32051671675916	6.191369692484538
404	6.271344733688067	6.182144677197492
405	6.299433415790774	6.253667213298656
406	6.311982546212538	6.236098501417372
407	6.253968517735319	6.278157569743969
408	6.276403283173183	6.247854515358254
409	6.151952455628593	6.3699403338962135
410	6.228657479556102	6.175635214205141
411	6.261459845416951	6.309984984221281
412	6.268407232356521	6.314880000220405
413	6.227844548675249	6.332046791359231
414	6.202393108943723	6.382336475231029
415	6.291978611136383	6.426194296942817
416	6.239926032300265	6.184653264504892
417	6.222371785145886	6.145688427819146
418	6.2385185439631625	6.298093177654125
419	6.2383754703233825	6.328961337054217
420	6.267532690516058	6.259402363388626
421	6.22671677031607	6.252249134911431
422	6.252499809804952	6.247462466911033
423	6.233664930991407	6.297507056483516
424	6.271830716223087	6.346693021279794
425	6.225448711863104	6.402215569107621
426	6.215399004378408	6.299183068452058
427	6.32328288960007	6.2500766824792935
428	6.278376480318466	6.185518971195927
429	6.223917686714317	6.34299917574282
430	6.219427351681691	6.1869137198836714
431	6.236635199132955	6.427379572833026
432	6.205728274471355	6.223320254573116
433	6.230420935828731	6.239583333333333
434	6.247648567523596	6.093628459506565
435	6.199801539475063	6.298388604764585
436	6.226111992350164	6.380902043095341
437	6.229499749417575	6.394254772751419
438	6.242123990688684	6.245115827631067
439	6.297748696129277	6.304620495548955
440	6.215077485678331	6.3297110133700905
441	6.263189945580824	6.318763415018718
442	6.2007900004117	6.313463281702112
443	6.313690432962382	6.295129281503183
444	6.242813578191793	6.226118211393003
445	6.32638969511356	6.326285874402082
446	6.255332807324967	6.3546177369576915
447	6.2675752999647605	6.240559560281259
448	6.190349335940379	6.17227605537132
449	6.215731391366923	6.221680411586055
450	6.253211709688294	6.27977756217674
451	6.289211075260954	6.236830040260598
452	6.2433611401971785	6.275886270734999
453	6.232728085427914	6.347260846032037
454	6.228303495443092	6.187281679224085
455	6.315852304674545	6.1657374346697775
456	6.306247630209293	6.253255243654604
457	6.183321080117856	6.35638012709441
458	6.234324108879521	6.28887743420071
459	6.2421579585885105	6.361662458490442
460	6.209364391722769	6.215776902657968
461	6.259754257382087	6.469632378330937
462	6.284946698062825	6.282552277600324
463	6.2674003367154105	6.451745986938477
464	6.250246259401429	6.1582033899095325
465	6.250626982383008	6.266487315849021
466	6.232081053391942	6.441323951438621
467	6.260801751658602	6.288143122637713
468	6.209170480944076	6.332221331419768
469	6.274988642278707	6.384169666855423
470	6.249319665836838	6.229593488905165
471	6.258816300698046	6.253166181069833
472	6.247385452378471	6.305457256458424
473	6.2335058383221895	6.289431254069011
474	6.23507348546442	6.140341352533411
475	6.240563887470174	6.439843460365578
476	6.232785719745564	6.268779913584392
477	6.221438938716672	6.267171559510408
478	6.24161969490771	6.337325802555791
479	6.279484218021609	6.362764641090676
480	6.2189067489696	6.353902092686406
481	6.251573891009924	6.517934905158149
482	6.225804171472226	6.317361478452329
483	6.213666587505701	6.258335131186026
484	6.282266949707607	6.255454557913321
485	6.305446269377223	6.2709335221184626
486	6.212598112394225	6.342877953140824
487	6.200562432127179	6.2404064602322045
488	6.27457683491257	6.272277302212185
489	6.262600804274937	6.402998058884232
490	6.336856293228437	6.220636632707384
491	6.283527518218419	6.324894604859529
492	6.313053468488297	6.278801140961824
493	6.273393244113562	6.259930928548177
494	6.223743209299052	6.227210698304353
495	6.240252764719837	6.14480138708044
496	6.282223562024674	6.278545609226933
497	6.279373137456067	6.274228714130543
498	6.227145127530368	6.403314148938215
499	6.211237187655467	6.2566395159120916
500	6.2089112974562735	6.393291438067401
501	6.255072841104472	6.234344923937762
502	6.248126128934464	6.253651601296884
503	6.210458553062295	6.204466590174922
504	6.231676583020192	6.365183883243137
505	6.308441018158534	6.224679028546369
506	6.275433657304296	6.307648499806722
507	6.25260707567323	6.1425628662109375
508	6.308267143537414	6.192555162641737
509	6.255153543544266	6.2807061583907515
510	6.2521952683070925	6.385076840718587
511	6.24961844930109	6.396078692542182
512	6.230520351877752	6.169719201547128
513	6.213565273104973	6.278882839061596
514	6.193966267243871	6.240693834092882
515	6.246038841751386	6.255723723658809
516	6.251865436445992	6.325324023211444
517	6.258309134897196	6.186814996931288
518	6.280062990368537	6.331758463824237
519	6.17530809258515	6.163193102236147
520	6.3032588688832405	6.413937621646458
521	6.228651865473333	6.3885106510586205
522	6.20033169242571	6.385014887209292
523	6.270222758347133	6.429390253844084
524	6.2854613043227285	6.229556648819535
525	6.284561616069865	6.212931721298783
526	6.285283830930602	6.2841905664514615
527	6.270289762964788	6.323621220058865
528	6.221686615134185	6.227698591020372
529	6.275562556284778	6.268410311804877
530	6.224297055658305	6.263061770686397
531	6.292449051479124	6.184968489187735
532	6.231313066662483	6.221989278440122
533	6.2526351640809255	6.181442243081552
534	6.243102195127955	6.39774011682581
535	6.2740997638342515	6.240937939396611
536	6.272597240951826	6.2043031409934715
537	6.237617951519084	6.241437099598072
538	6.319054374155009	6.354892695391619
539	6.23342975130621	6.373345410382306
540	6.238881992843916	6.344756603240967
541	6.232475645137283	6.345607227749294
542	6.2400815576877235	6.34291610011348
543	6.255236972053096	6.216863084722449
544	6.330813493368761	6.351137108272976
545	6.248533734735453	6.213885748827899
546	6.2474708602113544	6.395065943400065
547	6.299473483607454	6.263711399502224
548	6.2985621623273165	6.320952768679018
549	6.2023600632289675	6.299462141814055
550	6.307529107579645	6.314702281245479
551	6.29924201965332	6.128753609127468
552	6.278318270197454	6.253454561586733
553	6.225085226994641	6.262928326924642
554	6.238034743183064	6.279570032049109
555	6.247137290126872	6.307548770198116
556	6.243567628680535	6.324133378488046
557	6.226573746159391	6.440744099793611
558	6.2632649259747195	6.17996178732978
559	6.287929831810717	6.25702428817749
560	6.221900107725611	6.343700126365379
561	6.2331485523367824	6.171507393872297
562	6.235226325269015	6.273682364711055
563	6.300706251612249	6.258187241024441
564	6.264877215871271	6.297351342660409
565	6.240935586533457	6.184068556185122
566	6.233659100982378	6.31180477142334
567	6.294347439172133	6.298999733395046
568	6.210675311538409	6.327344240965666
569	6.206259821945766	6.320464505089654
570	6.246093223679741	6.2440155170581955
571	6.304386309857638	6.338403631139685
572	6.256941808844513	6.2692084312438965
573	6.279415895354073	6.333538302668819
574	6.305060598085511	6.255855754569724
575	6.255902263353455	6.258077868708858
576	6.22849731625251	6.400576167636448
577	6.247531890869141	6.412263852578622
578	6.317858677990031	6.1806017381173595
579	6.248961340706304	6.168931890417029
580	6.212120024663098	6.2570107424700705
581	6.260563495024195	6.2456883854336205
582	6.261760180851199	6.406327812759964
583	6.319548327967806	6.268169844592059
584	6.295030526395114	6.242108521638094
585	6.317100947757937	6.311544948154026
586	6.220148513901909	6.416323026021321
587	6.29187836737003	6.357554471051252
588	6.319343508414502	6.220011516853615
589	6.306244814170982	6.349934083444101
590	6.293889248146201	6.238175639399776
591	6.1362661775553	6.206763656051071
592	6.254258290776667	6.376982830188893
593	6.240664387648961	6.376811257115117
594	6.247398695855771	6.216760759000425
595	6.1997735995166705	6.29383820074576
596	6.223684225442274	6.392216947343615
597	6.274921664651835	6.340796841515435
598	6.285022375718603	6.347872928336814
599	6.246319860782263	6.322509818606907
600	6.247781006795056	6.288559842992712
601	6.263669139934036	6.344878214376944
602	6.2857707941307215	6.299387507968479
603	6.293587864569898	6.321730790314851
604	6.275537490844727	6.188255963502107
605	6.184437855234686	6.370073636372884
606	6.271985067511505	6.452972111878572
607	6.215825724151899	6.360054175059001
608	6.241521403474628	6.323776015528926
609	6.2342459750625325	6.304263538784451
610	6.214880997279905	6.273502190907796
611	6.259724612505931	6.357912257865623
612	6.288782029781702	6.259051729131628
613	6.287381019232408	6.212998708089192
614	6.26705002784729	6.357944506186026
615	6.1921325404689	6.320134215884739
616	6.322531839586654	6.295106057767515
617	6.290042044981471	6.374660915798611
618	6.204778927677083	6.281167401207818
619	6.287968739023748	6.321494173120569
620	6.215823200513732	6.268846388216372
621	6.208571681436503	6.257567335058142
622	6.233237554442208	6.253262820067229
623	6.271589544584167	6.357158996440746
624	6.2468063606406155	6.304347232536033
625	6.251039469017173	6.292032294803196
626	6.2478372555858686	6.3555585719920975
627	6.240839287919818	6.312914495114927
628	6.2276124099515515	6.317263921101888
629	6.322675007694173	6.290074048218904
630	6.254557492598048	6.296011182996962
631	6.168089106397809	6.337848698651349
632	6.1246446528524725	6.216267515111853
633	6.294911847924286	6.147403681719744
634	6.211877076130993	6.301214147497107
635	6.246180336430387	6.245830624191849
636	6.245659238887283	6.3795354631212025
637	6.263558266297826	6.402087670785409
638	6.217901666209383	6.429835602089211
639	6.23628452588927	6.273438259407326
640	6.256308789523143	6.265457382908574
641	6.250555861671016	6.261665255935104
642	6.253438576212469	6.293624771965875
643	6.306477618667315	6.374158682646574
644	6.236585788007052	6.337882607071488
645	6.212432483457169	6.211377338126853
646	6.2510055146127375	6.349296940697564
647	6.257624054854771	6.322790958263256
648	6.261494024744573	6.264779037899441
649	6.289318462587753	6.155589386268899
650	6.274232338059623	6.327356108912715
651	6.249262652307187	6.361086280257614
652	6.222351011240257	6.3541304800245495
653	6.243400465767339	6.401139400623463
654	6.285569694806945	6.1919504801432295
655	6.249671432207215	6.369734481528953
656	6.23419813390048	6.239605832982947
657	6.335359442908809	6.437410690166332
658	6.260790730422398	6.304800121872513
659	6.304222934650925	6.346674177381727
660	6.270341274873266	6.2533378777680575
661	6.230622484998883	6.359253176936397
662	6.227025855262324	6.241348301922834
663	6.21542296769484	6.397029276247378
664	6.259931447370997	6.20871098836263
665	6.30329977341418	6.301411257849799
666	6.337423765434409	6.361533094335486
667	6.277881302923526	6.354908325054027
668	6.263029485378626	6.22168509165446
669	6.282287791090192	6.183848469345658
670	6.201565913434298	6.2972724349410445
671	6.26939749267866	6.260159139279966
672	6.206877465518016	6.159118440416124
673	6.306585046480286	6.239796338257967
674	6.294926535408452	6.30053695042928
675	6.256176953045827	6.240203468887894
676	6.2516207380114865	6.242877236119023
677	6.227068730120389	6.3826412977995695
678	6.224868216604556	6.151455296410455
679	6.2426984894950435	6.529623914647986
680	6.227607349179825	6.325829523581046
681	6.278991226880056	6.381798408649586
682	6.2428391789490325	6.298948641176577
683	6.237852739837934	6.2760157938356755
684	6.256354696345779	6.390675915612115
685	6.233711822977606	6.270723466519956
686	6.258954345055346	6.365986665089925
687	6.254308745546161	6.287572189613625
688	6.283129030803464	6.336189075752541
689	6.217104358493157	6.400184242813675
690	6.291485732456423	6.277895168021873
691	6.247569988358696	6.359620765403465
692	6.270756177182467	6.402579130949797
693	6.340389202225883	6.250982019636366
694	6.263328862640093	6.286055635522913
695	6.310609255196913	6.361906599115442
696	6.246489709278323	6.364729510413276
697	6.215119690265295	6.316594088519061
698	6.2419753389538455	6.339720796655725
699	6.250915104488157	6.219673403987178
700	6.279504942444135	6.324216454117386
701	6.268987025854723	6.288847481762922
702	6.301259409706548	6.310312465385154
703	6.244450164291094	6.2229851086934405
704	6.294374497431629	6.216222021314833
705	6.231951947482127	6.235079323803937
706	6.168243871544892	6.443762496665672
707	6.231265324466634	6.332070827484131
708	6.270647831682889	6.219515094050655
709	6.246937738274628	6.174749162462023
710	6.277792669692129	6.3774387571546765
711	6.313927524494675	6.437317618617305
712	6.196415770728633	6.301929685804579
713	6.20493883456824	6.336479116369177
714	6.226869587628347	6.418428438681143
715	6.19183405840172	6.306713139569318
716	6.215664854589498	6.2753297134681985
717	6.225572851468932	6.309405203218813
718	6.282881448853691	6.31902880138821
719	6.260824644340659	6.296795668425383
720	6.249836255919258	6.312219337180808
721	6.222878645051201	6.371481771822329
722	6.288650431722965	6.312776018072058
723	6.252644894258031	6.406571335262722
724	6.249926180209753	6.241985744900173
725	6.271286298643868	6.218093642482051
726	6.240518943318781	6.275168913382071
727	6.249150780012023	6.197469552357991
728	6.282004675775204	6.38886762548376
729	6.232566181218849	6.345855642248083
730	6.270943974548915	6.2951515868858055
731	6.2228154146446375	6.29439675366437
732	6.3318134073941215	6.438211140809236
733	6.317779747944958	6.305056642602991
734	6.2835232896624875	6.272846504493996
735	6.2877653409849925	6.400439597942211
736	6.230167244965175	6.369327280256483
737	6.294249255702181	6.4519536760118275
738	6.287439220356491	6.42818346729985
739	6.299140750237231	6.370820257398817
740	6.165660583748008	6.230892852500633
741	6.228437576653822	6.229454411400689
742	6.281024100645533	6.19215006298489
743	6.250895414712294	6.323034516087285
744	6.315984348081193	6.33956331676907
745	6.267628408827871	6.189934924796775
746	6.229572062222463	6.317063702477349
747	6.255840517439932	6.263610981128834
748	6.208793059834894	6.227929450847484
749	6.2616704814838915	6.219183286031087
750	6.283469708460681	6.189615108348705
751	6.225546904329984	6.231579745257342
752	6.168036420390291	6.442244829954924
753	6.248283021854904	6.302020673398618
754	6.194261141543119	6.343493744179055
755	6.256597109560697	6.3028866979810925
756	6.27854040883622	6.2461744237829135
757	6.206053194010033	6.314792421129015
758	6.23487086116143	6.294185673749006
759	6.205470971341403	6.286165908530906
760	6.213097113483357	6.316497732091833
761	6.242170131431435	6.206978992179588
762	6.270932112099989	6.341651969485813
763	6.260685992690752	6.269387015589961
764	6.233730059749675	6.348712479626691
765	6.242945342693689	6.323263115353054
766	6.274822064165799	6.219396184991907
767	6.242536063464183	6.3505415739836515
768	6.284479775518741	6.264467804520218
769	6.204059330922253	6.312736246320936
770	6.238534765423469	6.389315923055013
771	6.171398302294174	6.314041844120732
772	6.1571246812928395	6.277309770937319
773	6.286048736212389	6.346828672620985
774	6.22248121477523	6.310670411145246
775	6.277729610227189	6.301700662683557
776	6.227984779285935	6.469838937123616
777	6.199455072294991	6.361586199866401
778	6.261773658248614	6.160331514146593
779	6.245140772945476	6.365989243542707
780	6.221609151588296	6.180167321805601
781	6.245432034978327	6.406882303732413
782	6.245892479734601	6.258184097431324
783	6.13392477215461	6.355032708909777
784	6.213590756902155	6.293078987686722
785	6.220068873099561	6.3357780774434405
786	6.24289863064604	6.385358386569553
787	6.210905614888893	6.169353308501067
788	6.195491480377485	6.223107602861193
789	6.281613318425305	6.276953008439806
790	6.2488177317493365	6.318125247955322
791	6.287750302620654	6.3126236067877874
792	6.246400036901798	6.252160089987296
793	6.253403447708994	6.424452216536911
794	6.218087943095081	6.35574268411707
795	6.290013290801138	6.226782268948025
796	6.272937221347161	6.2174815248560025
797	6.262595604050834	6.22273932562934
798	6.185970927184483	6.271994590759277
799	6.264811308878772	6.358147903724953
800	6.300307269366282	6.354243949607566
801	6.312113937341942	6.200618072792336
802	6.2300650128778425	6.330833629325584
803	6.1783803993800905	6.176481511857775
804	6.244343636170873	6.28131158263595
805	6.261956417335655	6.340697465119539
806	6.2504961445646465	6.365758613303855
807	6.247941179095574	6.179337413222702
808	6.244548437730321	6.271388000912136
809	6.2563373277772145	6.258789556997794
810	6.275126025361835	6.257484859890408
811	6.248865613397562	6.21819347805447
812	6.2321664387325075	6.288956907060411
813	6.212021485814509	6.260001359162508
814	6.19426558602531	6.200175179375543
815	6.295706092186694	6.136727156462492
816	6.274281524262339	6.412241812105532
817	6.2049993928873315	6.296740514260751
818	6.325085428525817	6.290310947983353
819	6.184800404422688	6.230881532033284
820	6.335365457354851	6.31624698638916
821	6.307620255452282	6.388240072462294
822	6.240965091957237	6.256958873183639
823	6.236261894118111	6.229828216411449
824	6.304459814755422	6.248094187842475
825	6.276450494550309	6.346432827137135
826	6.246939780577174	6.173842695024279
827	6.262638267481102	6.209156689820467
828	6.251677962968934	6.468377572518808
829	6.237365061382078	6.336448934343126
830	6.252130467936678	6.278640658767135
831	6.2250874627311275	6.269227328123869
832	6.243193423972939	6.318739926373517
833	6.2742595042822495	6.3798922786006225
834	6.266923432080251	6.179494469254105
835	6.221954516644748	6.360176775190565
836	6.242964969491059	6.308577043038827
837	6.275477296901199	6.336760061758536
838	6.248333971455412	6.21510828865899
839	6.219257269265516	6.089354727003309
840	6.289091807491374	6.218348979949951
841	6.263477923735133	6.268720379582158
842	6.302996176593709	6.360239364482738
843	6.244749015232302	6.2357773251003685
844	6.293212094396915	6.246799928170663
845	6.221867597328042	6.278872383965386
846	6.278010449319516	6.197911156548394
847	6.222743803600095	6.221265298348886
848	6.237125954538022	6.220887802265309
849	6.2403800082656575	6.275547098230432
850	6.295103536461884	6.3309656425758645
851	6.284679876183564	6.312148712299488
852	6.2512349767505	6.373210394823992
853	6.218657732009888	6.300653404659695
854	6.273320270034502	6.235863261752659
855	6.2127450951990095	6.245524371111834
856	6.290213778333844	6.204158500388816
857	6.2675137789744255	6.399578359391954
858	6.256588202602458	6.15221032389888
859	6.268972356364412	6.4126651905201095
860	6.17460170331991	6.290513727400038
861	6.298486529656176	6.201812320285374
862	6.2920577391138615	6.329793877071804
863	6.20302393301478	6.2972582711113825
864	6.190583166086449	6.353065561365198
865	6.276734221656367	6.440936865629973
866	6.282250998155126	6.169597237198441
867	6.266870930509747	6.179915180912724
868	6.231213061314709	6.24575153986613
869	6.295253290320343	6.269781112670898
870	6.237970847003865	6.373235720175284
871	6.266916436969109	6.32676543129815
872	6.210265285563919	6.270393512867115
873	6.329020477690786	6.181747842718054
874	6.184564905346565	6.341227425469293
875	6.2307419462024045	6.242261215492531
876	6.279411086496317	6.175862824475324
877	6.256356693663687	6.300608705591272
878	6.233760842737162	6.156654216625072
879	6.266626331041444	6.238975524902344
880	6.297739937620343	6.37543429268731
881	6.247118495545298	6.363172972643817
882	6.27941681304068	6.176125402803774
883	6.217322880367063	6.285269878528736
884	6.212584747458404	6.290356847974989
885	6.276457053310466	6.165117175490768
886	6.25941685010802	6.326069513956706
887	6.25496099580009	6.390118228064643
888	6.260442423370649	6.202651200471101
889	6.254452318515417	6.244247153953269
890	6.310260327357166	6.216544610482675
891	6.284674473528592	6.282416008136891
892	6.306028447061215	6.338010116859719
893	6.2530215101422	6.146440717909071
894	6.258373031076395	6.187772574248137
895	6.249500513076782	6.208387604466191
896	6.2288090238031355	6.299513498942058
897	6.2764098554287315	6.297824841958505
898	6.253568896707499	6.2996573801393865
899	6.26993890528409	6.34615401868467
900	6.208045509626281	6.252004994286431
901	6.274303922113383	6.102031601799859
902	6.220245599746704	6.333511334878427
903	6.257315505225703	6.245946071766041
904	6.297710036331752	6.179873148600261
905	6.268141026766795	6.23962727299443
906	6.231575295610248	6.207132604387072
907	6.288556535288973	6.266522018997757
908	6.320096915622927	6.3720273618344905
909	6.252539247836706	6.254076692793104
910	6.284135998419996	6.208284395712393
911	6.234796537543243	6.238114074424461
912	6.255340603162658	6.170728771774857
913	6.293717712726233	6.356065432230632
914	6.276794811464706	6.286682658725315
915	6.337707596005134	6.259539621847647
916	6.269173203774218	6.281103222458451
917	6.282337602579369	6.253920502132839
918	6.294700064749088	6.337547249264187
919	6.295819012623913	6.247655144444218
920	6.276438654593702	6.37798708456534
921	6.236900478039148	6.241299894120958
922	6.2868128137768435	6.35171056676794
923	6.302583307590124	6.3162196653860585
924	6.243483844793068	6.225936783684625
925	6.270980070222099	6.327153117568405
926	6.2775611112702565	6.2450177757828325
927	6.28877758529951	6.391156938340929
928	6.194924741421106	6.357888257061994
929	6.3138893550296995	6.271341094264278
930	6.204119808268997	6.2516115153277365
931	6.3009914587128835	6.373793089831317
932	6.272019431276141	6.211727530867965
933	6.2662099397407385	6.283004690099646
934	6.249537485950398	6.276020509225351
935	6.294706938401708	6.271822752775969
936	6.2510133374412105	6.219850734428123
937	6.211747052534571	6.2643473236649125
938	6.2468575621550935	6.265388877303512
939	6.291380490896837	6.268514332947908
940	6.278089122952156	6.2849831934328435
941	6.227033853530884	6.232094747048837
942	6.22892753133234	6.311109684131764
943	6.241772615684654	6.279926264727557
944	6.225585609112146	6.389255347075285
945	6.247600771346182	6.1956211549264415
946	6.221307520596486	6.3733654552035865
947	6.230765563137126	6.254292170206706
948	6.180413565545712	6.297750473022461
949	6.276320524935453	6.308002224674931
950	6.326205001687104	6.337556750686081
951	6.190538181448883	6.261253674825032
952	6.214881370652397	6.280411914542869
953	6.277209223441358	6.347009287940131
954	6.17616517138931	6.271235324718334
955	6.218694012120085	6.179513631043611
956	6.2359368486224485	6.246706203178123
957	6.271974235210779	6.288070272516321
958	6.270938072564467	6.223875134079544
959	6.248904223711985	6.249514120596427
960	6.237156089746727	6.3007833162943525
961	6.257722049389246	6.330470473678024
962	6.2662697423179194	6.387389289008246
963	6.232007642961898	6.2445488682499635
964	6.149304165030426	6.367386129167345
965	6.218202163588326	6.288034809960259
966	6.217250549568321	6.313832583250822
967	6.174703539542432	6.305220886513039
968	6.242387438720128	6.350787215762669
969	6.3018011776906135	6.386011335584852
970	6.259019217401181	6.349634594387478
971	6.2264312573199	6.240885610933657
972	6.213205697401515	6.166801735206887
973	6.220470698374622	6.298739945447004
974	6.240083411054791	6.274100515577528
975	6.239410449873726	6.3225287684687865
976	6.266403877510215	6.31015627472489
977	6.221016209080534	6.284078721646909
978	6.275871654726425	6.283242013719347
979	6.246041698275872	6.216249448281747
980	6.204358487758997	6.275958767643681
981	6.2443473474034725	6.389489739029496
982	6.254112432587822	6.390616134360984
983	6.237404225007543	6.2986636868229615
984	6.21318020910587	6.2593291070726185
985	6.286553279408869	6.316147380405003
986	6.2448339372311	6.257491994787146
987	6.290677340525501	6.4130853900203
988	6.20402270892881	6.312630476774992
989	6.206773667965296	6.201468520694309
990	6.23789304157473	6.256261684276439
991	6.25796709420546	6.307015948825413
992	6.257898704060969	6.27979290926898
993	6.266265365312684	6.357643692581742
994	6.217766820259814	6.331292929472746
995	6.2705555456989215	6.302106292159469
996	6.295736398337023	6.330728001064724
997	6.181311602862376	6.320934383957474
998	6.212440130845556	6.369013962922273
999	6.269398680273092	6.158160297958939
1000	6.287147557960366	6.308388868967692
1001	6.330036784118077	6.228265426777027
1002	6.24539604276981	6.266342216067844
1003	6.22945354569633	6.328460446110478
1004	6.197451551005526	6.442350105003074
1005	6.220611864665769	6.328466521369086
1006	6.296630175608509	6.33672175584016
1007	6.228120916294602	6.284055285983616
1008	6.298646886393709	6.266364751038728
1009	6.28539912205822	6.163687123192681
1010	6.2425110430087685	6.3301989060861095
1011	6.250431146261827	6.285114429615162
1012	6.252968864620857	6.37603344740691
1013	6.256618162371078	6.2899627685546875
1014	6.262974905517866	6.29923082281042
1015	6.273520775561063	6.40749325575652
1016	6.22492563949441	6.381579487412064
1017	6.312788747391611	6.304882632361518
1018	6.213581044718905	6.263538219310619
1019	6.290282002035177	6.189565323017262
1020	6.2248003707741795	6.165060255262587
1021	6.232328585858615	6.197690380944146
1022	6.241550594005945	6.217097176445855
1023	6.208208979300733	6.240595199443676
1024	6.251042739400324	6.238224435735632
1025	6.24841807923227	6.321881735766375
1026	6.2234696262287645	6.448846269536902
1027	6.307037767374291	6.3310232692294655
1028	6.221460270431806	6.291484797442401
1029	6.206103356379383	6.246672171133536
1030	6.255767583847046	6.318216306191903
1031	6.276644805692277	6.313101945100008
1032	6.288388063322823	6.198857007203279
1033	6.2600652946616115	6.292934099833171
1034	6.236558896190715	6.145111384215178
1035	6.250670437542897	6.285164903711389
1036	6.264795910637334	6.189510981241862
1037	6.218340239434872	6.15618536207411
1038	6.271012729068972	6.427640438079834
1039	6.203853521706923	6.388971929196958
1040	6.234035294010954	6.366130881839329
1041	6.196173317027542	6.2962755273889615
1042	6.326121172814999	6.203142537011041
1043	6.216396052882357	6.274800353580051
1044	6.246201947050275	6.1720494694179955
1045	6.226147098361321	6.255136648813884
1046	6.2508762062720535	6.329689661661784
1047	6.2705669672984	6.37807199690077
1048	6.362368844590097	6.220431981263338
1049	6.224017125255656	6.251955456203884
1050	6.2480047423884555	6.339591609107123
1051	6.299556372300634	6.404047966003418
1052	6.214209974936719	6.284497649581344
1053	6.2717514892794055	6.285128116607666
1054	6.261111956722331	6.112662068119755
1055	6.270133499829274	6.291438455934878
1056	6.228379290058927	6.282045117130986
1057	6.237946933170535	6.383559474238643
1058	6.291988269338068	6.257029197834156
1059	6.275827709233986	6.155903851544416
1060	6.148432250292796	6.324979058018437
1061	6.3036485483061595	6.269466046933775
1062	6.255817170413035	6.240641364344844
1063	6.340420241625804	6.343232137185556
1064	6.231637342920843	6.428940684707077
1065	6.16738224029541	6.361462522436072
1066	6.202497558773689	6.299079488824915
1067	6.248743709528221	6.229643786395037
1068	6.227528963448866	6.422422020523636
1069	6.26080701935966	6.400618800410518
1070	6.227187134184927	6.344541037524188
1071	6.2600872651585995	6.335681862301296
1072	6.306760279637463	6.334150067082158
1073	6.3037944919658155	6.201096234498201
1074	6.24951767021755	6.396421962314182
1075	6.286722772526291	6.353927453358968
1076	6.22632360458374	6.2858159806993275
1077	6.175865798626306	6.31121665460092
1078	6.279152010971645	6.330098770282887
1079	6.238410958703959	6.171672344207764
1080	6.258887992714936	6.337804511741355
1081	6.277726357837893	6.329359708008943
1082	6.281091438149506	6.311294908876772
1083	6.326392682093494	6.273045469213415
1084	6.25890089430899	6.242421697687219
1085	6.280664106584945	6.223712373662878
1086	6.248679655902791	6.237438537456371
1087	6.221872766062899	6.367849014423512
1088	6.239969667398705	6.3691708246866865
1089	6.247980909527473	6.3145780916567205
1090	6.228781182810946	6.324578744393808
1091	6.259791999493006	6.413239072870325
1092	6.282467941068253	6.2197271099797
1093	6.2715535163879395	6.115009696395309
1094	6.263460883554423	6.23224597507053
1095	6.272021774975759	6.137180663921215
1096	6.285476140256198	6.416135982230857
1097	6.252795997655617	6.214862576237431
1098	6.279207153140374	6.255225057955141
1099	6.2501365238765505	6.293273131052653
1100	6.249448227432539	6.21923647986518
1101	6.251189596248123	6.332519089734113
1102	6.285653892553078	6.389777130550808
1103	6.325966430160235	6.36394899862784
1104	6.251094687659785	6.267919469762732
1105	6.260917573604944	6.248553682256628
1106	6.360356852693378	6.257834787721987
1107	6.244216163203402	6.329596625434028
1108	6.259686429545565	6.356715131689001
1109	6.250043266224411	6.383192433251275
1110	6.242703653731436	6.369071130399351
1111	6.275315928009321	6.309655825297038
1112	6.221683979034424	6.195855281971119
1113	6.23587235414757	6.1992387771606445
1114	6.2504600533899275	6.353629765687166
1115	6.312784293912491	6.406037931089048
1116	6.266409631045359	6.243771941573532
1117	6.185116421501592	6.227452295797843
1118	6.233810816171034	6.254131264156765
1119	6.296775966320398	6.438250294438115
1120	6.222919747514545	6.249560974262379
1121	6.251200244111835	6.220427601425736
1122	6.220334264467347	6.392620704792164
1123	6.197927641418745	6.164010454107214
1124	6.259185934966466	6.246001985337999
1125	6.203777996998913	6.424861148551658
1126	6.210769212470864	6.32305493178191
1127	6.2569298879155575	6.386932443689417
1128	6.29885401365892	6.195840341073495
1129	6.226284274515116	6.248437263347484
1130	6.299843045900452	6.214982986450195
1131	6.267491151701729	6.290396125228317
1132	6.238591338103673	6.186940564049615
1133	6.196702039466714	6.206861707899305
1134	6.2216281486007405	6.323649777306451
1135	6.332026495123809	6.3576816629480435
1136	6.259693271708938	6.227298083128752
1137	6.252438059392965	6.278039720323351
1138	6.28189967713266	6.28659114131221
1139	6.244761129595199	6.211068012096264
1140	6.300210264493835	6.227550171039723
1141	6.222757672363857	6.36340476848461
1142	6.244768875949788	6.243642701043023
1143	6.277489936576699	6.268082671695286
1144	6.227068073344681	6.253407513653791
1145	6.243080777942009	6.34420684531883
1146	6.140503096130659	6.364592057687265
1147	6.256759148723674	6.283866493790238
1148	6.224299727745776	6.282462897124113
1149	6.235467631861849	6.307894689065439
1150	6.311243448617323	6.2901369200812445
1151	6.259486886690247	6.261056529151069
1152	6.218250432104434	6.36796220143636
1153	6.2424591712231905	6.238812552558051
1154	6.218415854112157	6.316464600739656
1155	6.202626457754171	6.342832070809823
1156	6.184363895992063	6.252482308281793
1157	6.303545187104423	6.296907407266122
1158	6.1714059451840955	6.322371641794841
1159	6.209912372085284	6.25815326196176
1160	6.285750578034599	6.293107174060963
1161	6.220932798565559	6.366813589025427
1162	6.238831673028334	6.329999164298728
1163	6.27519019144886	6.253491719563802
1164	6.2121771056697055	6.2651090975160955
1165	6.302469383995488	6.179596106211345
1166	6.267591926286805	6.149764714417635
1167	6.282838277097018	6.215457015567356
1168	6.239602507285352	6.250504458392108
1169	6.2487370023187605	6.325394877681026
1170	6.319821186785428	6.145006815592448
1171	6.227839757811348	6.211520689505118
1172	6.204294519604377	6.248128873330575
1173	6.263977694061567	6.174094906559697
1174	6.226707728403919	6.249334953449391
1175	6.264349010755431	6.304543424535681
1176	6.246220426739387	6.193839885570385
1177	6.273948008159421	6.428438363251863
1178	6.216937586946307	6.119822873009576
1179	6.201779860370564	6.271062586042616
1180	6.297025289175646	6.400447192015471
1181	6.227532589210655	6.227803548177083
1182	6.240900291586822	6.202398123564543
1183	6.239533365897413	6.300093915727404
1184	6.239082003539464	6.316442878158004
1185	6.298886366610257	6.333199942553485
1186	6.186988524670871	6.436030299575241
1187	6.210364229274246	6.318739272930004
1188	6.243880132459244	6.417742393634938
1189	6.19886907541527	6.297752415692365
1190	6.275543235382944	6.2669543690151635
1191	6.244095374953072	6.26125215601038
1192	6.234064592505401	6.312092410193549
1193	6.207969013250099	6.235733261814824
1194	6.231501682749334	6.323907869833487
1195	6.252965828157821	6.342722663172969
1196	6.275054211886424	6.425062797687672
1197	6.2150347727649615	6.396899682504159
1198	6.254173800630389	6.260015575974076
1199	6.2746882258721115	6.245074113210042
1200	6.156491531516021	6.358612272474501
1201	6.236821601975639	6.233277762377703
1202	6.226089356080541	6.344498916908547
1203	6.2224342553120735	6.085604985555013
1204	6.211296342453867	6.367326842414008
1205	6.297309668558948	6.083534823523627
1206	6.226055469153063	6.381179103144893
1207	6.160065866866201	6.269743089322691
1208	6.254372376315999	6.425723994219744
1209	6.179198660940494	6.235648738013373
1210	6.204463918254061	6.350640243954128
1211	6.305038317194525	6.47387154897054
1212	6.280490110505302	6.386115409709789
1213	6.240585745505567	6.339844474086055
1214	6.246582751004201	6.293697816354257
1215	6.249938541988157	6.236368903407344
1216	6.306996493969324	6.3366806065594705
1217	6.2040357454767765	6.287493776392053
1218	6.216974204441287	6.333735854537399
1219	6.269617674485692	6.218037234412299
1220	6.2276090091129515	6.330399107050012
1221	6.262816937464588	6.263623255270499
1222	6.2732768868500335	6.451257423118308
1223	6.312728998795995	6.384460696467647
1224	6.229026335590291	6.254348419330738
1225	6.163933182662388	6.337698512607151
1226	6.280371989843981	6.248911610356084
1227	6.2351901711158035	6.203672038184272
1228	6.245163656630606	6.256110156023944
1229	6.201733589172363	6.224937244697854
1230	6.241275148571662	6.390222973293728
1231	6.201743517281874	6.2658975389268665
1232	6.27435051270251	6.246905185558178
1233	6.228743845561765	6.180095496001067
1234	6.220924125527436	6.161190933651394
1235	6.275677190636689	6.277924519998056
1236	6.274317111609117	6.286930013585974
1237	6.257022362835002	6.300319971861662
1238	6.276734113693237	6.299442856400101
1239	6.227202680875671	6.308127191331652
1240	6.29411888572405	6.428166742678042
1241	6.231193911354497	6.298010561201307
1242	6.265072404213671	6.265771159419307
1243	6.239525039240999	6.300223527131258
1244	6.203133101733226	6.226385752360026
1245	6.229389487572436	6.360985332065159
1246	6.1901395005999875	6.477915993443242
1247	6.284286332580279	6.177304532792833
1248	6.172145474631831	6.147115742718732
1249	6.25248062385703	6.384860692200838
1250	6.26047711552314	6.347029544689037
1251	6.322567741825895	6.238014998259367
1252	6.206326165289249	6.458429989991365
1253	6.185132854389694	6.248044349529125
1254	6.25672701619706	6.26836833247432
1255	6.229623223250767	6.291548640639694
1256	6.258929230132193	6.256692162266484
1257	6.248002155771795	6.456973641007035
1258	6.227277314887856	6.3269261430811
1259	6.212172062891834	6.2417202702275025
1260	6.336354930445833	6.3098001656708895
1261	6.238263188668017	6.239806740372269
1262	6.2758872778910515	6.273567499937834
1263	6.3231905451360735	6.4411558045281305
1264	6.2519800123178735	6.289337458433928
1265	6.270842462215784	6.336234322300664
1266	6.293083127939476	6.373134701340287
1267	6.256846877763856	6.246508262775563
1268	6.181335372744866	6.262010238788746
1269	6.261883789638303	6.279828566092032
1270	6.2737663466975375	6.274521368521231
1271	6.276789458292835	6.302291993741636
1272	6.206872922069621	6.362555503845215
1273	6.2326075940761925	6.358785911842629
1274	6.202986199900789	6.257026001259133
1275	6.305242569941394	6.2789608637491865
1276	6.237824323042384	6.220523039499919
1277	6.2012144349656015	6.292102124955919
1278	6.251088457287483	6.388134832735415
1279	6.273283202693148	6.25707283726445
1280	6.187616388752775	6.32178509676898
1281	6.252539405282938	6.212145840680158
1282	6.264619291953321	6.266558982707836
1283	6.193679512671705	6.414477242363824
1284	6.257884790312569	6.354269610510932
1285	6.255520964568516	6.198146219606753
1286	6.181339920691724	6.281433670609085
1287	6.283121675815222	6.203073784157082
1288	6.311347394619348	6.274655412744592
1289	6.274859077525589	6.285134968934236
1290	6.316803401371218	6.375384189464428
1291	6.269613387449732	6.223065641191271
1292	6.264831214580896	6.293478647867839
1293	6.22120298529571	6.315570177855315
1294	6.238185387737346	6.244445624174895
1295	6.2822733555199965	6.347526285383436
1296	6.244857432707301	6.281603883813928
1297	6.233919287627598	6.190584200399893
1298	6.234860249285428	6.321219214686641
1299	6.207862012791184	6.27418456254182
1300	6.256035944200912	6.3086816293221935
1301	6.27373860467155	6.3137514856126575
1302	6.195009047130369	6.322167467187952
1303	6.220585935520676	6.438797897762722
1304	6.183907639305547	6.398691707187229
1305	6.2440002684323295	6.519101072240759
1306	6.2248648607505945	6.416172910619665
1307	6.313184769648426	6.250919907181351
1308	6.2598347663879395	6.165383215303774
1309	6.29208574654921	6.300198784580937
1310	6.258593329843485	6.284224139319526
1311	6.30029215452806	6.311840092694318
1312	6.2741106681103975	6.065234325550221
1313	6.248590779754351	6.349484779216625
1314	6.23548897257391	6.194133458314119
1315	6.269082933102014	6.303058712570755
1316	6.226551613717709	6.328932991734257
1317	6.216233186002047	6.307419776916504
1318	6.217475180356008	6.269761668311225
1319	6.237746715545654	6.240806191055863
1320	6.235061816449435	6.215283411520499
1321	6.2139776697698625	6.234434639966047
1322	6.2581322642992125	6.375659889645046
1323	6.228267341289881	6.157330530661124
1324	6.2159916949722005	6.153033715707284
1325	6.274286769471079	6.197110352692781
1326	6.189093342367208	6.449176293832284
1327	6.204431875696722	6.357303001262523
1328	6.265861817126004	6.152759499020046
1329	6.238746031275335	6.188450195171215
1330	6.272397203265496	6.2424210089224355
1331	6.344880355978912	6.268323244871916
1332	6.281426002394478	6.331836152959753
1333	6.303354105859433	6.322431599652326
1334	6.1835577802838015	6.31189650076407
1335	6.207392827519831	6.203593501338252
1336	6.237649872617902	6.245063022330955
1337	6.208332628574011	6.149919050711173
1338	6.2233322611394915	6.3261260986328125
1339	6.237365520225381	6.319716206303349
1340	6.19947302116538	6.146688214054814
1341	6.259071813439423	6.448619348031503
1342	6.289069112741722	6.278951644897461
1343	6.259109272147125	6.392203366314924
1344	6.193498022151443	6.244068993462457
1345	6.259294316453754	6.375495892983896
1346	6.23244493862368	6.396431622681795
1347	6.293294452271372	6.292786580544931
1348	6.303443224924915	6.356572681003147
1349	6.230221397471878	6.335713686766447
1350	6.237533191464982	6.184180171401413
1351	6.215184153250928	6.334888758482756
1352	6.264700637673432	6.163578457302517
1353	6.197573481865649	6.255666273611563
1354	6.191294737581937	6.296576552920872
1355	6.29668247024968	6.518727655763979
1356	6.217207724193357	6.297518059059426
1357	6.246461431935148	6.38944168444033
1358	6.284638035972163	6.267521346056903
1359	6.292472807866223	6.366795433892144
1360	6.241660239561549	6.247368229760064
1361	6.2904264522048665	6.206600189208984
1362	6.24295208589086	6.343794098606816
1363	6.247189845678942	6.367292474817346
1364	6.250388851705587	6.3747013233326095
1365	6.256526884042992	6.310492215333162
1366	6.2295097225117235	6.309480561150445
1367	6.221208873784767	6.315909403341788
1368	6.2150353350729315	6.237697830906621
1369	6.2360110147944035	6.323654139483416
1370	6.260937776205675	6.310870029308178
1371	6.2554602488031925	6.295573534788908
1372	6.243331549302587	6.342283655095984
1373	6.291848529059932	6.285412223250778
1374	6.232543796863196	6.317702240414089
1375	6.269635047552721	6.31494140625
1376	6.230321519779709	6.1988579608775956
1377	6.213099025330454	6.226221614413792
1378	6.211697191562292	6.209870797616464
1379	6.290924423145798	6.225103890454328
1380	6.229921790788758	6.301381711606626
1381	6.252714629443187	6.324120627509223
1382	6.258059641100326	6.219828323081687
1383	6.226286420282328	6.3794753992999045
1384	6.1746145734247175	6.27093361042164
1385	6.302699741327538	6.282510139324047
1386	6.270044983557935	6.367600988458704
1387	6.25956520494425	6.375128357498734
1388	6.182548432979944	6.370911774811922
1389	6.202640447976454	6.386228914614077
1390	6.241448793771132	6.319077844972964
1391	6.296135353592207	6.171365631951226
1392	6.215968991225621	6.251051161024305
1393	6.333510686766426	6.409566049222593
1394	6.25604549893793	6.408180395762126
1395	6.247282747952443	6.375295639038086
1396	6.239244470056498	6.366048901169388
1397	6.2320832486422555	6.2401241549739135
1398	6.227701304093847	6.295368901005498
1399	6.202401876449585	6.242127436178702
1400	6.27984456296237	6.275787159248635
1401	6.236561397336564	6.248983577445701
1402	6.249207181750603	6.360479796374285
1403	6.21286327434036	6.1454835467868385
1404	6.296070229332402	6.230121824476454
1405	6.279955827964927	6.232223369457103
1406	6.222345743539198	6.380711908693667
1407	6.195484885629618	6.148290616494638
1408	6.300502489197929	6.141874013123689
1409	6.247264205284838	6.391647427170365
1410	6.2472559236130625	6.23817452677974
1411	6.288467326254215	6.351014702408402
1412	6.248795500341451	6.226189419075295
1413	6.2498802463963345	6.255862695199472
1414	6.237148190444371	6.244189898173015
1415	6.295544808765627	6.327387633147063
1416	6.203227232087333	6.231871993453415
1417	6.1799840612231565	6.266762927726463
1418	6.246894633994912	6.305279714089853
1419	6.232714086208704	6.3060595017892345
1420	6.24331234536081	6.277759269431785
1421	6.27204421781144	6.387899999265318
1422	6.220310022246163	6.077046853524667
1423	6.2271241017107695	6.362733646675393
1424	6.296103544954984	6.277910409150301
1425	6.264653264351611	6.336036399558738
1426	6.252137890401876	6.264085363458704
1427	6.253462845424436	6.178083260854085
1428	6.240898559678276	6.29952335357666
1429	6.299203332865013	6.3635505746912076
1430	6.2820681760895924	6.253534069767705
1431	6.234874311483131	6.158276098745841
1432	6.273640277250758	6.1545717981126575
1433	6.211629062328699	6.20953024758233
1434	6.244498113416276	6.288550076661287
1435	6.314674251484421	6.422853505169904
1436	6.2229309756800815	6.339154526039406
1437	6.2876585969385115	6.197031603919135
1438	6.314381185567604	6.213453822665745
1439	6.241753546696789	6.181227789984809
1440	6.281207997843905	6.268017150737621
1441	6.250436112565814	6.197871367136638
1442	6.2063126653995155	6.403388782783791
1443	6.214291100232106	6.1861866491812245
1444	6.200106121459097	6.335821699213098
1445	6.270958252672879	6.1965897348192005
1446	6.259968964558728	6.35828016422413
1447	6.240194302684856	6.252291555757876
1448	6.225522864539668	6.348481390211317
1449	6.279719910531674	6.256918500970911
1450	6.245770881760795	6.261514381126121
1451	6.219395516053686	6.291036287943522
1452	6.300446307884072	6.124166223737928
1453	6.17944683218902	6.257021921652335
1454	6.236526646704044	6.186576048533122
1455	6.25282033434454	6.267722218124955
1456	6.237244453070299	6.294073263804118
1457	6.251331752201296	6.217026904777244
1458	6.240479406320824	6.201344790282072
1459	6.234633049874936	6.309039204208939
1460	6.298557407451126	6.3643528443795665
1461	6.266511669698751	6.21050105271516
1462	6.281090214567365	6.328766010425709
1463	6.222580014534716	6.256402598487006
1464	6.255375178355091	6.388386514451769
1465	6.2431391050230785	6.156023696616844
1466	6.283933279649267	6.24795096008866
1467	6.300315690490435	6.245273236875181
1468	6.258884749322568	6.225816709023935
1469	6.255920909485727	6.2312048452871815
1470	6.2486510951564	6.413546473891647
1471	6.26150107383728	6.264936429482919
1472	6.2854029502508775	6.381602357935022
1473	6.205897641631792	6.281846823515715
1474	6.177547184926159	6.48361478028474
1475	6.2539184543321715	6.249618000454372
1476	6.3013891498997525	6.4853076404995385
1477	6.260045865796647	6.355472370430276
1478	6.288733648803999	6.2646768887837725
1479	6.262788777081472	6.1964892281426325
1480	6.2108628389970315	6.174784677999991
1481	6.235807468306343	6.251324035503246
1482	6.240413827716179	6.1801345789874045
1483	6.287748899099962	6.340933199282046
1484	6.2902772426605225	6.289054870605469
1485	6.226880599867623	6.252393881479899
1486	6.262185335159302	6.433668772379558
1487	6.1700747462938415	6.29713249206543
1488	6.2515154694611175	6.365729437934028
1489	6.236996497748033	6.385733374842891
1490	6.234314608124067	6.25756800616229
1491	6.2801275613172995	6.31147485309177
1492	6.242944978318125	6.3174351586235895
1493	6.228089062672741	6.133156529179326
1494	6.269173406205088	6.235159096894441
1495	6.253070610874104	6.402811721519187
1496	6.242316210045005	6.274103676831281
1497	6.26044037656964	6.335961659749349
1498	6.263771614938412	6.382603733627884
1499	6.267259822701508	6.080126444498698
1500	6.230586443307264	6.263837160887541
1501	6.19296836403181	6.276094577930592
1502	6.225393853097592	6.275284661187066
1503	6.249579015767799	6.1919925830982345
1504	6.271253594812357	6.2724177925675
1505	6.227826212936977	6.140166300314444
1506	6.269074493984006	6.289797517988417
1507	6.208618254031775	6.378944909131086
1508	6.18766879585554	6.212619905118589
1509	6.239352469174367	6.360707742196542
1510	6.282236256689395	6.241030904981825
1511	6.2913876074665	6.327879005008274
1512	6.275560626443827	6.197880780255353
1513	6.209746216827968	6.229331652323405
1514	6.296712587464531	6.353685290725143
1515	6.170763766990517	6.280198697690611
1516	6.295695318365997	6.166480558889884
1517	6.253050291313316	6.184009869893392
1518	6.1949706032591045	6.341130698168719
1519	6.23198771926592	6.1586727389582885
1520	6.25218235771611	6.345498720804851
1521	6.206829502897443	6.31154998143514
1522	6.215149276661423	6.237356909999141
1523	6.204029380150561	6.451988555766918
1524	6.25437875963607	6.18460966039587
1525	6.299172261975846	6.263628659424959
1526	6.2452692535688294	6.36741124259101
1527	6.26502117570841	6.225769519805908
1528	6.225804117490661	6.3480663829379615
1529	6.210881048778318	6.167477201532434
1530	6.2313900218819676	6.3030537852534545
1531	6.278241692848925	6.249888985245316
1532	6.307817517586474	6.320535730432581
1533	6.223349580224955	6.17563823417381
1534	6.30808569800179	6.24438495989199
1535	6.161812935235365	6.21213545622649
1536	6.215581385594494	6.238154217048928
1537	6.264871862699401	6.31455930074056
1538	6.261013147965917	6.255945682525635
1539	6.279276060608198	6.205037593841553
1540	6.284416491130613	6.3843905307628495
1541	6.342857761203118	6.2873725184687865
1542	6.292951390428363	6.380022737714979
1543	6.258076258425443	6.291708186820701
1544	6.27783329981678	6.317036363813612
1545	6.283115665867643	6.299255088523582
1546	6.2310705679767535	6.2124702665540905
1547	6.225062397291076	6.20736081511886
1548	6.176893760573189	6.260161806035925
1549	6.2221999978119475	6.464881384814227
1550	6.2824036805134895	6.34778337125425
1551	6.38528369957546	6.387423568301731
1552	6.186900386270487	6.354769583101626
1553	6.290517977948459	6.22966824637519
1554	6.270777486405283	6.2507490405329955
1555	6.25451926015458	6.333861580601445
1556	6.319187344245191	6.274240211204246
1557	6.187790839177258	6.283918998859547
1558	6.307609949471815	6.243393156263563
1559	6.220342924010079	6.251589492515281
1560	6.263975012977168	6.371672453703703
1561	6.278796987713508	6.238931496938069
1562	6.251277617688449	6.283038828108046
1563	6.23167588575831	6.204873791447392
1564	6.1685968525004835	6.34366332160102
1565	6.2198371257422105	6.248680750528972
1566	6.28448036031903	6.220408227708605
1567	6.208717710566971	6.148393560338904
1568	6.228762437712471	6.288518764354564
1569	6.216611659751748	6.267894356339066
1570	6.3097903548546554	6.1794815416689275
1571	6.228659769274154	6.348662482367621
1572	6.325022067663805	6.180489628403275
1573	6.2984355350710315	6.2827691855253995
1574	6.1964292031414105	6.38355756689001
1575	6.2722217946682335	6.33277467445091
1576	6.241484709505765	6.190355018333152
1577	6.271033651423904	6.203290232905635
1578	6.27153148291246	6.283117311972159
1579	6.265125369125942	6.208945009443495
1580	6.178201288547156	6.318993303510878
1581	6.329307898035589	6.359424149548566
1582	6.181358170959185	6.258725166320801
1583	6.206935684635954	6.353856263337312
1584	6.2453787056904915	6.165440170853226
1585	6.20517575515891	6.224841506392868
1586	6.3040879582459075	6.245223115991663
1587	6.249897551986407	6.42368761698405
1588	6.280705523940752	6.299508448000307
1589	6.280712815950501	6.285570250617133
1590	6.2525737240629375	6.326722604257089
1591	6.1760843474909946	6.135754514623572
1592	6.270259821190025	6.279906996974239
1593	6.286530058338957	6.282683301855017
1594	6.253209100579316	6.345578794126157
1595	6.277802746250944	6.384071173491301
1596	6.278862413370384	6.309738212161594
1597	6.255224880182518	6.274376692595305
1598	6.25365027841532	6.355371475219727
1599	6.2386779650202335	6.247196409437391
1600	6.2499706745147705	6.25479613410102
1601	6.279348323929985	6.3638402267738625
1602	6.214858109096311	6.296459533550121
1603	6.2927955186591955	6.414427545335558
1604	6.190374896211444	6.389635580557364
1605	6.224332476561925	6.455308384365505
1606	6.2517788230248215	6.238737371232775
1607	6.224002577223867	6.2886646765249745
1608	6.280798273266487	6.421149377469663
1609	6.243554758575727	6.3142623548154475
1610	6.2384638606377365	6.169217409910979
1611	6.235903528501403	6.1936915362322775
1612	6.2269845863558215	6.3782984062477395
1613	6.237756850584498	6.250611128630461
1614	6.317098752507624	6.300585835068314
1615	6.253256123020964	6.424424612963641
1616	6.185886014182612	6.283701048956977
1617	6.256628279416066	6.303833837862368
1618	6.304188215507652	6.265201268372713
1619	6.288836708608663	6.249129030439589
1620	6.198278067246923	6.205982066966869
1621	6.204689966057831	6.338570471163149
1622	6.291335983096428	6.237993116731997
1623	6.294448924514483	6.323335594601101
1624	6.215721872617614	6.263774130079481
1625	6.2174410010283845	6.316066353409378
1626	6.20539853257953	6.420238353587963
1627	6.258245463641185	6.228050938359013
1628	6.21531994837635	6.400141521736428
1629	6.265008382077487	6.135543770260281
1630	6.208414626571368	6.331112596723768
1631	6.268302881492759	6.203005755389178
1632	6.305779830464777	6.328140170485885
1633	6.285865549771291	6.40867515846535
1634	6.210425201452003	6.219803545210096
1635	6.218379641478917	6.217232139022262
1636	6.276314267572367	6.279286402243155
1637	6.304795602582535	6.301625340073197
1638	6.222330646694831	6.370184280254223
1639	6.213158737938359	6.3556116775230125
1640	6.265446590927412	6.352927737765842
1641	6.272406645540921	6.285029923474347
1642	6.238490311604626	6.216570130100957
1643	6.218540726967578	6.34389626538312
1644	6.284217101223064	6.292257856439661
1645	6.209142594967249	6.285340821301496
1646	6.244599342346191	6.3335586653815374
1647	6.237859474038178	6.266792103096291
1648	6.2590268917803495	6.397820154825847
1649	6.266806948859736	6.308883331440113
1650	6.308923442408724	6.305060616245976
1651	6.23370077475062	6.1966888639662
1652	6.17471811006654	6.259230119210702
1653	6.229734105883904	6.160878340403239
1654	6.235051879342997	6.2399213402359575
1655	6.205252116581179	6.324106039824309
1656	6.246794394727023	6.241128109119557
1657	6.221243705389635	6.303816848331028
1658	6.1734599437353745	6.154659924683748
1659	6.25937886508006	6.272931434490062
1660	6.219474671021947	6.0406547475744174
1661	6.285338608723767	6.3774869883501974
1662	6.280748425789599	6.320475260416667
1663	6.233638133642809	6.315649862642641
1664	6.237950968292524	6.388282405005561
1665	6.194612516547149	6.271941838441072
1666	6.1961991831941425	6.390857555248119
1667	6.317990743888999	6.216284787213361
1668	6.210879883676205	6.326258447435167
1669	6.268034970985268	6.4559839919761375
1670	6.245270580615637	6.2124331792195635
1671	6.185923427905676	6.267476699970387
1672	6.229888493160032	6.246774090660943
1673	6.2711572961987185	6.213051089534053
1674	6.290626584358935	6.318692489906594
1675	6.249055052703282	6.300241117124204
1676	6.235488252819709	6.275474601321751
1677	6.243132690213761	6.218655533260769
1678	6.26101981019074	6.328597792872676
1679	6.278615434214754	6.2763912236249
1680	6.288218957073283	6.279120109699391
1681	6.269568272356717	6.283674893555818
1682	6.269294477858633	6.204075866275364
1683	6.1810920733325885	6.275781154632568
1684	6.24525977080723	6.253431496796785
1685	6.239869405638497	6.22252822805334
1686	6.284268838054729	6.350183575241654
1687	6.284071742363696	6.273476794913963
1688	6.286093639877607	6.332889080047607
1689	6.238813071880701	6.443786391505489
1690	6.218397864755595	6.370521439446343
1691	6.207163257418938	6.27405689380787
1692	6.260761296974038	6.2544526700620295
1693	6.254105815347636	6.327125425691958
1694	6.167106327020897	6.1974490483601885
1695	6.2814324486930415	6.25072647024084
1696	6.248417984764531	6.355116120091191
1697	6.302445821042331	6.278623210059272
1698	6.191007681612699	6.319881121317546
1699	6.261644080000104	6.322580160918059
1700	6.22960228290198	6.355711919290048
1701	6.211214398438075	6.1997537789521395
1702	6.2723486333523155	6.308278366371438
1703	6.27868857023851	6.2188611913610385
1704	6.273637564677112	6.4958591637788
1705	6.186463338024211	6.11472209294637
1706	6.207945954124883	6.299448401839645
1707	6.191410568525207	6.393735656031856
1708	6.267418114644177	6.355294033333108
1709	6.2893281972633215	6.30442280239529
1710	6.208007308672059	6.191141570055926
1711	6.18963722462924	6.2610504009105545
1712	6.301023411300947	6.263355714303476
1713	6.258737964450188	6.309475951724583
1714	6.292788582028083	6.341661682835332
1715	6.219667619129397	6.279109354372378
1716	6.2357580301896585	6.198825288701941
1717	6.300347229219833	6.292917127962466
1718	6.234804882193512	6.325212496298331
1719	6.238525467098884	6.224966278782597
1720	6.2806943182675345	6.1309009657965765
1721	6.301259369220373	6.265866403226499
1722	6.278306970056498	6.217688666449653
1723	6.249878348044629	6.399989516646774
1724	6.2979209692973015	6.154445736496537
1725	6.2072455838041485	6.445070584615071
1726	6.297127629226109	6.277285840776232
1727	6.314645195907017	6.257685873243544
1728	6.190422525945699	6.2241726628056275
1729	6.240591022203553	6.296108298831516
1730	6.247779243397263	6.251852176807545
1731	6.254558905115667	6.192052293706824
1732	6.29932923137017	6.24511522716946
1733	6.21962433491113	6.253441351431388
1734	6.252757175913397	6.174222875524451
1735	6.292660020432383	6.1790860317371505
1736	6.262261656095397	6.232430016552961
1737	6.27763132329257	6.2014679202327025
1738	6.271579414043787	6.290832378246166
1739	6.251381167825663	6.235728917298494
1740	6.271740643483288	6.18002642525567
1741	6.198337595417814	6.174595320666278
1742	6.219096530158565	6.131735377841526
1743	6.243556355530361	6.26966416394269
1744	6.226689023791619	6.271612820801912
1745	6.268090414551069	6.356878934083162
1746	6.222235535675624	6.149347305297852
1747	6.22981784028827	6.306433854279695
1748	6.2289474415329265	6.350404350845902
1749	6.230810214888375	6.277462323506673
1750	6.205075686832644	6.237816951892994
1751	6.303941924616976	6.19824903982657
1752	6.246223755602567	6.361049440171984
1753	6.259469846509537	6.37146375797413
1754	6.234087399716647	6.3203878226103605
1755	6.310411228323883	6.370339464258264
1756	6.237499282045184	6.2326232062445746
1757	6.224170266457324	6.137232427243833
1758	6.261902579721415	6.38164739255552
1759	6.2534020936714025	6.273295579133211
1760	6.231849378010012	6.2991128850866245
1761	6.229731627230374	6.412665296483923
1762	6.2352659162485375	6.132448620266384
1763	6.230239665733193	6.268251295442934
1764	6.2789381000230895	6.329344731790048
1765	6.237945421686712	6.308140419147633
1766	6.257743731984553	6.309450555730749
1767	6.169139587654258	6.244310714580394
1768	6.229231299094434	6.254104649579084
1769	6.194024922712794	6.093117925855848
1770	6.1970600542032495	6.243638391847964
1771	6.225883551363675	6.314913943961814
1772	6.172467632113762	6.290295918782552
1773	6.335726310622017	6.309561323236536
1774	6.220680124354812	6.311314759431062
1775	6.2496019174467845	6.207183060822664
1776	6.27492072447291	6.385441426877622
1777	6.3199688893444135	6.200138021398474
1778	6.263917050271664	6.288833971376772
1779	6.282895322115916	6.2869301372104225
1780	6.198509054363899	6.283837901221381
1781	6.273464531268713	6.3250829025551125
1782	6.258120068963969	6.356797377268474
1783	6.246707308967158	6.294795230582908
1784	6.175629899186908	6.211340074185972
1785	6.2203980706772715	6.245363729971427
1786	6.26080077999043	6.236401363655373
1787	6.230961471233728	6.226695466924597
1788	6.280451135815315	6.167065638082999
1789	6.233448995734161	6.266826735602485
1790	6.2657761798714695	6.184260333025897
1791	6.221485911675219	6.346561838079382
1792	6.187498115143686	6.195840217449047
1793	6.217663220639499	6.142325931125217
1794	6.254593507298884	6.296727427729854
1795	6.219881552570271	6.37949185901218
1796	6.222010527016981	6.310542053646511
1797	6.230018872135091	6.312077504617196
1798	6.21565920451902	6.2774034959298595
1799	6.296445230268082	6.222230028223108
1800	6.21212880566435	6.289231936136882
1801	6.222595673687053	6.1982315381368
1802	6.207445603496623	6.236517552976255
1803	6.238740817555842	6.233536420045076
1804	6.327082903879993	6.2072942521837025
1805	6.173365475996485	6.325320950260869
1806	6.273745005985476	6.272676697483769
1807	6.2077581117737965	6.312009352224845
1808	6.261440497524333	6.304900275336371
1809	6.258357506877971	6.205116254312021
1810	6.289074110534956	6.51072703467475
1811	6.200702941642617	6.447024310076678
1812	6.227890491485596	6.147515809094465
1813	6.300718208528915	6.357032758218271
1814	6.240638962331808	6.27041949166192
1815	6.239731410764298	6.3636144178885
1816	6.239582772524852	6.348622428046332
1817	6.211555588920161	6.257541250299524
1818	6.235582158250629	6.117301958578604
1819	6.2622342379588005	6.464522114506474
1820	6.261599914082941	6.141119462472421
1821	6.244243288939854	6.163499496601246
1822	6.257223174257098	6.31364612226133
1823	6.2847465389179735	6.454554716746013
1824	6.246597627423844	6.381267017788357
1825	6.268923611011145	6.338108433617486
1826	6.223596132026528	6.2680704681961625
1827	6.270017380984324	6.291428124463117
1828	6.212037662290177	6.2746429443359375
1829	6.288637021802506	6.340163142592819
1830	6.262210531054802	6.202583613219084
1831	6.25249524386424	6.258902814653185
1832	6.258934182940789	6.233630445268419
1833	6.3193323612213135	6.273111678935863
1834	6.195595399388727	6.350327844972964
1835	6.252242380718015	6.328378977598967
1836	6.290425646979854	6.226631217532688
1837	6.293996131645058	6.315902586336489
1838	6.315332736609117	6.161954173335323
1839	6.241325315439476	6.281131126262523
1840	6.189620562319486	6.2549455783985275
1841	6.228136710400851	6.2710639635721845
1842	6.247536357843651	6.284069803025988
1843	6.22465588461678	6.258072323269314
1844	6.214695620086958	6.3157617074471935
1845	6.200018599348248	6.335255834791395
1846	6.250284761752722	6.345983046072501
1847	6.220630348853345	6.23938313236943
1848	6.18722950287585	6.272883185633907
1849	6.274765446500958	6.25135976296884
1850	6.1704180735462115	6.446393595801459
1851	6.2451615963342055	6.376120532000506
1852	6.282130632760389	6.293619350150779
1853	6.232086635985464	6.19401431966711
1854	6.2326013996916	6.249404695298937
1855	6.286322845602935	6.180469512939453
1856	6.278624444637659	6.285807185702854
1857	6.237252536809669	6.309162422462746
1858	6.234362665212379	6.22719160715739
1859	6.189251809749964	6.251301535853633
1860	6.19506758114077	6.191077815161811
1861	6.318736359758197	6.321159203847249
1862	6.241397421315031	6.305510026437265
1863	6.230148729288353	6.342150458583125
1864	6.291215028402941	6.30399371959545
1865	6.236798578838132	6.297404059657344
1866	6.246884570931488	6.263900050410518
1867	6.254800310674703	6.311862380416305
1868	6.266686210092509	6.218592431810167
1869	6.2785567517550485	6.29845795808015
1870	6.267849521816902	6.222380903032091
1871	6.269847393035889	6.2421299439889415
1872	6.253570160775815	6.246423615349664
1873	6.308818376289223	6.207805686526829
1874	6.22772829937485	6.162469775588424
1875	6.219041073097373	6.36787983223244
1876	6.271133728747098	6.318445170367205
1877	6.275244411432518	6.1545690253928855
1878	6.264728172770086	6.162048587092647
1879	6.271503232560068	6.270293712615967
1880	6.2523804385707065	6.1769426487110275
1881	6.279018739484391	6.284647288145842
1882	6.228353333923052	6.3530649432429565
1883	6.268953120933388	6.267145969249584
1884	6.251865859301585	6.336660349810565
1885	6.2820186839913426	6.452674388885498
1886	6.302056951342888	6.228393925560845
1887	6.2393521407865125	6.314284148039641
1888	6.266685215932019	6.362353130623147
1889	6.260634071422073	6.288039083834048
1890	6.2203439721521345	6.311752866815637
1891	6.206415990613541	6.334029427281132
1892	6.217073890398133	6.2979368103875055
1893	6.314705457327501	6.228756109873454
1894	6.232932680058029	6.435003209997107
1895	6.219962353976268	6.226206567552355
1896	6.277571871595563	6.364342707174796
1897	6.207486175141245	6.342259989844428
1898	6.257296949062708	6.33970507869014
1899	6.199351225259169	6.3469107592547385
1900	6.237998368605128	6.360262393951416
1901	6.269519306578726	6.408426496717665
1902	6.278267657981728	6.329819078798647
1903	6.3439852831498635	6.437955838662607
1904	6.252809493046887	6.220906522538927
1905	6.224428554750839	6.318307435071027
1906	6.2032856941223145	6.3407975126195835
1907	6.251132699678529	6.3735916879442005
1908	6.301749769246803	6.229871696896023
1909	6.299261246087416	6.07742816430551
1910	6.285784869823816	6.225154346889919
1911	6.265042228518792	6.181375326933684
1912	6.278293771563836	6.186463921158402
1913	6.3211052462739765	6.244767294989692
1914	6.232745058131668	6.359994976608841
1915	6.218425210916771	6.186228928742586
1916	6.251687067859578	6.365509986877441
1917	6.273165972727649	6.331097461559154
1918	6.220338726943394	6.272521495819092
1919	6.263755065090251	6.341629134284125
1920	6.220112940050521	6.187893425976789
1921	6.257243903178089	6.3193258885984065
1922	6.239878042688909	6.26221983521073
1923	6.266290390266563	6.182108932071262
1924	6.276391141819504	6.144942107024016
1925	6.238840035672458	6.372500719847502
1926	6.281907720385857	6.304549058278401
1927	6.261595285163735	6.239733113182916
1928	6.260049900918637	6.20399249041522
1929	6.276365667019251	6.281876528704608
1930	6.21966992234284	6.410317579905192
1931	6.260012739109543	6.268999170373987
1932	6.300865272306046	6.250507937537299
1933	6.215976148281458	6.357060308809634
1934	6.236645190220959	6.351253562503391
1935	6.284420602726486	6.252200214951126
1936	6.284121540357482	6.273667600419786
1937	6.252769780608843	6.257138587810375
1938	6.205174922943115	5.995246251424153
1939	6.29922409327525	6.396815918110035
1940	6.362162994888593	6.373290803697374
1941	6.234478734574228	6.259434947261104
1942	6.265040523601028	6.25200891494751
1943	6.298973587324035	6.317934513092041
1944	6.2486711403109	6.2470596278155295
1945	6.2566468445759895	6.151451004876031
1946	6.245873757128446	6.133806723135489
1947	6.266316841233452	6.2642605922840255
1948	6.2742581142569485	6.429997479474103
1949	6.2868670967389955	6.2805136574639215
1950	6.258312778652839	6.304834083274558
1951	6.293796894685277	6.218263855686894
1952	6.2360509071709975	6.265815063759133
1953	6.235743450668623	6.348339822557238
1954	6.285591134485209	6.414980800063522
1955	6.214353592890613	6.399596920719853
1956	6.31645789686239	6.43832489296242
1957	6.217005122382686	6.263812012142605
1958	6.210363891889465	6.281477380681921
1959	6.244217103382327	6.318611639517325
1960	6.236731929599114	6.242774045025861
1961	6.270132883539739	6.288417604234484
1962	6.227771075266712	6.25218841764662
1963	6.275813849467151	6.270653459760878
1964	6.230206449076815	6.440975277512162
1965	6.356323296169065	6.312583623109041
1966	6.157144195628616	6.333289923491301
1967	6.245405885408509	6.262837321669967
1968	6.310474562195112	6.3009458824440285
1969	6.267937723195778	6.315320350505687
1970	6.207235448765305	6.284281501063594
1971	6.210438777815621	6.159678724077013
1972	6.220292487234439	6.379841592576769
1973	6.241048493475284	6.381772588800501
1974	6.239054886799939	6.28106708879824
1975	6.2889273391579685	6.300436461413348
1976	6.264326954787633	6.197667916615804
1977	6.208866078898592	6.304645767918339
1978	6.221336031859776	6.281553339075159
1979	6.265224596239486	6.286178942079897
1980	6.211569097806823	6.366508536868626
1981	6.235263914432165	6.244924156754105
1982	6.247591900375654	6.420604070027669
1983	6.244778448680662	6.154947051295528
1984	6.286733339417656	6.347799283486825
1985	6.200850122379807	6.242022302415636
1986	6.298562684149112	6.335934515352602
1987	6.1916490905689745	6.32319920151322
1988	6.2561184550231355	6.2830667672333895
1989	6.3213241505173015	6.3285693062676325
1990	6.234769636729978	6.372013056719744
1991	6.248792850746299	6.307583014170329
1992	6.195677361398373	6.240145418379042
1993	6.227607754041564	6.255244237405282
1994	6.168757726561348	6.233114931318495
1995	6.243839866710159	6.375459476753518
1996	6.267526505128393	6.24780073872319
1997	6.174176243116271	6.372823962458858
1998	6.242024507162706	6.3661997406571
1999	6.165283536011318	6.407025354879874
2000	6.2632737159729	6.164015098854348
2001	6.157385695655391	6.292870256635878
2002	6.2979327327800245	6.199392689598931
2003	6.226336906541069	6.371197753482395
2004	6.218050097519496	6.198251529976174
2005	6.256597073572986	6.251746954741301
2006	6.316834895115979	6.444726785024007
2007	6.2557590727536185	6.230076789855957
2008	6.216161669425245	6.390658643510607
2009	6.281783616767739	6.275644620259603
2010	6.210778672740145	6.268266024412932
2011	6.244522998917778	6.245960182613796
2012	6.190733999576208	6.451203893732141
2013	6.207008951115158	6.27536028402823
2014	6.262480884228113	6.330726605874521
2015	6.257971808595477	6.075081083509657
